COLCODE	mod_RF
1610	0.0149792391
1611	0.0483167391
1612	0.0929329891
1613	0.109242989
1614	0.0909992391
1615	0.0297929891
1616	-0.0176757609
1617	-0.0296195109
1618	-0.0226632609
1619	-0.0151207609
1620	-0.0157945109
1621	-0.0164682609
1622	-0.0171420109
1623	-0.0210532609
1624	-0.005539510870000001
1625	0.003822989129999999
1626	-0.012670760900000001
1627	-0.0185595109
1628	-0.0228995109
1629	-0.0411870109
1630	-0.0534982609
1631	-0.0556420109
1632	-0.0500157609
1633	-0.0484495109
1634	-0.0549857609
1635	-0.0574532609
1636	-0.0606470109
1637	-0.0201345109
1638	0.0253217391
1639	-0.007700760870000001
1640	-0.0551782609
1641	-0.0370657609
1642	-0.028237010899999998
1643	-0.0521595109
1644	-0.0641470109
1645	-0.0713482609
1646	-0.0714445109
1647	-0.0716632609
1648	-0.0720482609
1649	-0.0723545109
1650	-0.0724945109
1651	-0.0701495109
1652	-0.0696595109
1653	-0.0722757609
1654	-0.0738420109
1655	-0.0747957609
1656	-0.0753295109
1657	-0.0762395109
1658	-0.0768870109
1659	-0.0758895109
1660	-0.0754257609
1661	-0.07659826089999999
1662	-0.0770620109
1663	-0.0770532609
1664	-0.0770357609
1665	-0.0770270109
1666	-0.0770445109
1667	-0.0770882609
1668	-0.0771145109
1669	-0.0771145109
1670	-0.0765807609
1671	-0.0763532609
1672	-0.0768870109
1673	-0.07700076089999999
1674	-0.0770182609
1675	-0.0761082609
1676	-0.0759857609
1677	-0.0769570109
1678	-0.0771232609
1679	-0.0767557609
1680	-0.0767557609
1681	-0.0772370109
1682	-0.0772370109
1683	-0.07639701089999999
1684	-0.0763795109
1685	-0.0768345109
1686	-0.0767557609
1687	-0.0767557609
1688	-0.0765807609
1689	-0.0767207609
1690	-0.0766245109
1691	-0.0763707609
1692	-0.07619576089999999
1693	-0.0761345109
1694	-0.0760557609
1695	-0.07606451089999999
1696	-0.0761345109
1697	-0.07612576089999999
1698	-0.0760732609
1699	-0.0757495109
1700	-0.0752945109
1701	-0.07485701089999999
1702	-0.0730370109
1703	-0.0701670109
1704	-0.0674720109
1705	-0.0670957609
1706	-0.0666582609
1707	-0.06647451089999999
1708	-0.0681195109
1709	-0.0683295109
1710	-0.0672357609
1711	-0.0658007609
1712	-0.0647157609
1713	-0.0627470109
1714	-0.0589757609
1715	-0.0531045109
1716	-0.0443545109
1717	-0.044240760899999995
1718	-0.0343095109
1719	-0.024229510899999997
1720	-0.0290332609
1721	-0.0347207609
1722	-0.0438470109
1723	-0.039717010899999995
1724	-0.0332682609
1725	-0.0193295109
1726	-0.00399076087
1727	0.0131854891
1728	0.005765489129999999
1729	0.00898548913
1730	-0.005600760870000001
1731	-0.0363570109
1732	-0.0348520109
1733	-0.043637010899999995
1734	-0.0313695109
1735	-0.00161951087
1736	0.00223923913
1737	-0.016275760900000002
1738	0.0009442391310000001
1739	-0.003947010870000001
1740	-0.00121701087
1741	0.00259798913
1742	-0.027230760899999998
1743	-0.0369432609
1744	-0.0416157609
1745	-0.0408632609
1746	-0.0396295109
1747	-0.00178576087
1748	0.0370992391
1749	0.035672989100000004
1750	0.017569239099999998
1751	0.00021798913
1752	-0.0038070108700000004
1753	-0.0130032609
1754	-0.021753260899999998
1755	-0.0204407609
1756	-0.007193260870000001
1757	0.013509239099999999
1758	0.0289704891
1759	0.032356739100000004
1760	0.0445804891
1761	0.0468554891
1762	0.028594239100000002
1763	0.0203604891
1764	0.005082989129999999
1765	-0.0107895109
1766	0.0045404891299999995
1767	0.0446767391
1768	0.08297548910000001
1769	0.0993729891
1770	0.09028173910000001
1771	0.0746454891
1772	0.0491654891
1773	0.026669239100000002
1774	0.011356739099999999
1775	0.0041554891299999995
1776	0.023081739100000002
1777	0.0573467391
1778	0.0825292391
1779	0.0720117391
1780	0.0661842391
1781	0.0527442391
1782	0.0213842391
1783	0.00168798913
1784	-0.00466451087
1785	0.0278504891
1786	0.0696667391
1787	0.0794579891
1788	0.0729654891
1789	0.0624917391
1790	0.040669239100000004
1791	0.0262929891
1792	0.0232742391
1793	0.013255489099999998
1794	-0.005215760870000001
1795	-0.0180607609
1796	-0.025305760899999998
1797	-0.0321395109
1798	-0.0337845109
1799	-0.029689510899999997
1800	-0.00231951087
1801	0.0108579891
1802	-0.0113582609
1803	-0.0225932609
1804	-0.0213420109
1805	-0.028972010899999998
1806	-0.0434182609
1807	-0.0515295109
1808	-0.0561670109
1809	-0.0593520109
1810	-0.058984510899999995
1811	-0.0542857609
1812	-0.046454510899999996
1813	-0.040119510899999995
1814	-0.033215760899999995
1815	-0.0199945109
1816	-0.0139220109
1817	-0.0204582609
1818	-0.025988260899999997
1819	-0.0321920109
1820	-0.0389645109
1821	-0.0387720109
1822	-0.0362432609
1823	-0.0322095109
1824	-0.022199510899999997
1825	-0.00674701087
1826	0.0120129891
1827	0.029399239100000002
1828	0.038621739100000003
1829	0.0437754891
1830	0.032925489100000004
1831	0.00956298913
1832	-0.007700760870000001
1833	-0.0129420109
1834	0.0130017391
1835	0.06923798910000001
1836	0.109050489
1837	0.0968354891
1838	0.0709967391
1839	0.0535842391
1840	0.0300992391
1841	0.0120129891
1842	0.00104923913
1843	-0.00242451087
1844	0.0114267391
1845	0.0312017391
1846	0.0486667391
1847	0.0747242391
1848	0.0911304891
1849	0.0729042391
1850	0.0558679891
1851	0.0492967391
1852	0.0327067391
1853	0.012292989099999999
1854	-0.00538201087
1855	-0.012040760900000001
1856	-0.00225826087
1857	0.0241842391
1858	0.0601292391
1859	0.0850054891
1860	0.08123423910000001
1861	0.0585017391
1862	0.0380267391
1863	0.0252517391
1864	0.011881739099999998
1865	-0.00160201087
1866	-0.011734510900000002
1867	-0.00232826087
1868	0.0323217391
1869	0.0738842391
1870	0.0895117391
1871	0.0801667391
1872	0.058492989100000004
1873	0.029670489100000003
1874	0.0054242391299999995
1875	-0.0119795109
1876	-0.016345760900000002
1877	-0.0188307609
1878	-0.0193820109
1879	-0.00458576087
1880	0.0208767391
1881	0.035541739100000004
1882	0.0417017391
1883	0.0372392391
1884	0.0190654891
1885	-0.00498826087
1886	-0.023258260899999997
1887	-0.030162010899999998
1888	-0.0357445109
1889	-0.0352020109
1890	-0.0101770109
1891	0.020447989099999998
1892	0.0414129891
1893	0.0620892391
1894	0.0602517391
1895	0.0342467391
1896	0.005686739129999999
1897	-0.009030760870000001
1898	-0.0155495109
1899	-0.0227682609
1900	-0.0322970109
1901	-0.0383870109
1902	-0.0192507609
1903	0.022766739100000002
1904	0.029871739100000003
1905	0.0305279891
1906	0.0375804891
1907	0.0331442391
1908	0.0291629891
1909	0.00782173913
1910	-0.0111570109
1911	-0.022523260899999998
1912	-0.0251307609
1913	-0.0178332609
1914	0.014672989099999999
1915	0.059700489100000004
1916	0.0911129891
1917	0.100790489
1918	0.0773579891
1919	0.0430754891
1920	0.0196692391
1921	0.000156739131
1922	-0.007385760870000001
1923	-0.00184701087
1924	0.0187767391
1925	0.0454817391
1926	0.0703842391
1927	0.07573923910000001
1928	0.0614329891
1929	0.0562704891
1930	0.0440467391
1931	0.0240004891
1932	0.0040504891299999995
1933	0.00327173913
1934	0.0319979891
1935	0.0850054891
1936	0.113329239
1937	0.101936739
1938	0.0948667391
1939	0.0879629891
1940	0.0755642391
1941	0.0596129891
1942	0.0367754891
1943	0.025584239100000003
1944	0.051562989100000005
1945	0.08350923910000001
1946	0.11304048900000001
1947	0.145406739
1948	0.148644239
1949	0.119252989
1950	0.0773404891
1951	0.0558592391
1952	0.0429004891
1953	0.0331704891
1954	0.046199239100000004
1955	0.10346798900000001
1956	0.181412989
1957	0.20957923899999997
1958	0.184615489
1959	0.153456739
1960	0.112952989
1961	0.0667267391
1962	0.0471617391
1963	0.042716739100000005
1964	0.0460242391
1965	0.0652917391
1966	0.0985592391
1967	0.120136739
1968	0.131800489
1969	0.138642989
1970	0.113302989
1971	0.0966692391
1972	0.0827654891
1973	0.0542929891
1974	0.0311404891
1975	0.0239829891
1976	0.0501104891
1977	0.105182989
1978	0.175331739
1979	0.20801298899999998
1980	0.213289239
1981	0.18158798899999998
1982	0.138196739
1983	0.09658173910000001
1984	0.0477917391
1985	0.0327067391
1986	0.0456829891
1987	0.0845942391
1988	0.159669239
1989	0.200855489
1990	0.183162989
1991	0.161182989
1992	0.124686739
1993	0.0804992391
1994	0.0517117391
1995	0.0355242391
1996	0.0390504891
1997	0.0819254891
1998	0.138380489
1999	0.18926173899999998
2000	0.20825798899999998
2001	0.20800423899999998
2002	0.17543673899999998
2003	0.12007548900000001
2004	0.0872192391
2005	0.0664554891
2006	0.0550367391
2007	0.0446329891
2008	0.0418154891
2009	0.138380489
2010	0.12132514800000001
2011	0.12132514800000001
2012	0.12132514800000001
2013	0.12132514800000001
2014	0.12132514800000001
2015	0.12132514800000001
2016	0.12132514800000001
2017	0.12132514800000001
2018	0.12132514800000001
2019	0.12132514800000001
2020	0.12132514800000001
2021	0.12132514800000001
2022	0.12132514800000001
2023	0.12132514800000001
2024	0.12132514800000001
2025	0.12132514800000001
2026	0.12132514800000001
2027	0.12132514800000001
2028	0.12132514800000001
2029	0.12132514800000001
2030	0.12132514800000001
2031	0.12132514800000001
2032	0.12132514800000001
2033	0.12132514800000001
2034	0.12132514800000001
2035	0.12132514800000001
2036	0.12132514800000001
2037	0.12132514800000001
2038	0.12132514800000001
2039	0.12132514800000001
2040	0.12132514800000001
2041	0.12132514800000001
2042	0.12132514800000001
2043	-1.144220078
2044	-1.181859143
2045	-1.2168889929999995
2046	-1.2494479269999998
2047	-1.28537065
2048	-1.3204828759999998
2049	-1.3518766409999996
2050	-1.3851096520000001
2051	-1.4163542470000001
2052	-1.4468614670000002
2053	-1.4774509810000005
2054	-1.511706331
2055	-1.54086693
2056	-1.5686595689999998
2057	-1.5955791539999997
2058	-1.6263650800000002
2059	-1.6544632419999994
2060	-1.6830024589999995
2061	-1.7057199300000003
2062	-1.7299927579999994
2063	-1.754411239
2064	-1.7717159199999997
2065	-1.7948407449999997
2066	-1.8178240879999996
2067	-1.841255924
2068	-1.862606698
2069	-1.882724181
2070	-1.9045467979999997
2071	-1.9252576820000002
2072	-1.9443779060000002
2073	-1.9651112750000004
2074	-1.9869198359999998
2075	-2.006660776
2076	-2.025317428999999
2077	-2.041473692999999
2078	-2.0566276229999993
2079	-2.0723149510000005
2080	-2.088121744
2081	-2.105647677
2082	-2.1217757809999997
2083	-2.1347205829999996
2084	-2.152702908999999
2085	-2.1648583349999995
2086	-2.177863303
2087	-2.1892431770000003
2088	-2.201207497999999
2089	-2.2131634410000003
2090	-2.2226503799999997
2091	-2.23102856
2092	-2.238916694
2093	-2.245676032
2094	-2.252196353
2095	-2.259950285
2096	-2.267365298
2097	-2.2749582559999992
2098	-2.2826422350000004
2099	-2.2901405469999996
2100	-2.2975845519999996
2101	-2.3060732089999996
2102	-2.3136771679999995
2103	-2.320148448
2104	-2.325462989999999
2105	-2.3310735599999997
2106	-2.3363073770000002
2107	-2.341343593
2108	-2.3463109550000003
2109	-2.3510292170000002
2110	-2.3553799110000004
2111	-2.359075042
2112	-2.3621673420000007
2113	-2.3661256410000004
2114	-2.3663975790000005
2115	-2.368811532
2116	-2.37137971
2117	-2.374324522999999
2118	-2.3748485990000003
2119	-2.376393528
2120	-2.3783252139999997
2121	-2.381604161
2122	-2.3823216229999997
2123	-2.3825942259999997
2124	-2.382635687
2125	-2.3809136270000004
2126	-2.380568636000001
2127	-2.3797079240000003
2128	-2.377041776
2129	-2.3734053520000002
2130	-2.3696329599999992
2131	-2.3674378520000006
2132	-2.3636519349999996
2133	-2.360249439
2134	-2.360076721
2135	-2.357581097
2136	-2.3536312109999993
2137	-2.3490564959999998
2138	-2.3437836609999994
2139	-2.339726403
2140	-2.3335485630000004
2141	-2.326144355
2142	-2.3208144440000003
2143	-2.3140800370000005
2144	-2.31276212
2145	-2.307838206
2146	-2.3032780570000004
2147	-2.2955902390000005
2148	-2.2866537669999993
2149	-2.2786392450000004
2150	-2.271825232
2151	-2.2528252319999997
2152	-2.2338252319999996
2153	-2.2148252319999995
2154	-2.1958252319999993
2155	-2.176825231999999
2156	-2.157825231999999
2157	-2.138825231999999
2158	-2.119825231999999
2159	-2.1008252319999987
2160	-2.0818252319999986
2161	-2.0628252319999985
2162	-2.0438252319999983
2163	-2.024825231999998
2164	-2.005825231999998
2165	-1.9868252319999982
2166	-1.9678252319999983
2167	-1.9488252319999984
2168	-1.9298252319999984
2169	-1.9108252319999985
2170	-1.8918252319999986
2171	-1.8728252319999987
2172	-1.8538252319999988
2173	-1.834825231999999
2174	-1.815825231999999
2175	-1.796825231999999
2176	-1.7778252319999992
2177	-1.7588252319999993
2178	-1.7398252319999994
2179	-1.7208252319999995
2180	-1.7018252319999996
2181	-1.6828252319999997
2182	-1.6638252319999998
2183	-1.6448252319999999
2184	-1.625825232
2185	-1.598825232
2186	-1.5718252320000001
2187	-1.5448252320000002
2188	-1.5178252320000003
2189	-1.4908252320000004
2190	-1.4638252320000005
2191	-1.4368252320000006
2192	-1.4098252320000006
2193	-1.3828252320000007
2194	-1.3558252320000008
2195	-1.328825232000001
2196	-1.301825232000001
2197	-1.274825232000001
2198	-1.2478252320000012
2199	-1.2208252320000013
2200	-1.1938252320000013
2201	-1.1668252320000014
2202	-1.1398252320000015
2203	-1.1128252320000016
2204	-1.0858252320000017
2205	-1.0588252320000018
2206	-1.0318252320000019
2207	-1.004825232000002
2208	-0.9778252320000019
2209	-0.9508252320000019
2210	-0.9238252320000019
2211	-0.8968252320000019
2212	-0.8698252320000018
2213	-0.8428252320000018
2214	-0.8158252320000018
2215	-0.7888252320000018
2216	-0.7618252320000017
2217	-0.7348252320000017
2218	-0.7078252320000017
2219	-0.6808252320000017
2220	-0.6620252320000016
2221	-0.6432252320000016
2222	-0.6244252320000016
2223	-0.6056252320000015
2224	-0.5868252320000015
2225	-0.5680252320000014
2226	-0.5492252320000014
2227	-0.5304252320000014
2228	-0.5116252320000013
2229	-0.49282523200000133
2230	-0.47402523200000135
2231	-0.45522523200000137
2232	-0.4364252320000014
2233	-0.4176252320000014
2234	-0.3988252320000014
2235	-0.38002523200000143
2236	-0.36122523200000145
2237	-0.34242523200000147
2238	-0.3236252320000015
2239	-0.3048252320000015
2240	-0.2860252320000015
2241	-0.26722523200000153
2242	-0.24842523200000152
2243	-0.2296252320000015
2244	-0.2108252320000015
2245	-0.1920252320000015
2246	-0.17322523200000148
2247	-0.15442523200000147
2248	-0.13562523200000146
2249	-0.11682523200000146
2250	-0.09802523200000146
2251	-0.07922523200000146
2252	-0.060425232000001466
2253	-0.04162523200000147
2254	-0.02282523200000147
2255	-0.004025232000001468
2256	0.014774767999998533
2257	0.033574767999998534
2258	0.05237476799999853
2259	0.07117476799999853
2260	0.08997476799999853
2261	0.10877476799999852
2262	0.121325
2263	0.121325
2264	0.121325
2265	0.121325
2266	0.121325
2267	0.121325
2268	0.121325
2269	0.121325
2270	0.121325
2271	0.121325
2272	0.121325
2273	0.121325
2274	0.121325
2275	0.121325
2276	0.121325
2277	0.121325
2278	0.121325
2279	0.121325
2280	0.121325
2281	0.121325
2282	0.121325
2283	0.121325
2284	0.121325
2285	0.121325
2286	0.121325
2287	0.121325
2288	0.121325
2289	0.121325
2290	0.121325
2291	0.121325
2292	0.121325
2293	0.121325
2294	0.121325
2295	0.121325
2296	0.121325
2297	0.121325
2298	0.121325
2299	0.121325
2300	0.121325
2301	0.121325
2302	0.121325
2303	0.121325
2304	0.121325
2305	0.121325
2306	0.121325
2307	0.121325
2308	0.121325
2309	0.121325
2310	0.121325
2311	0.121325
2312	0.121325
2313	0.121325
2314	0.121325
2315	0.121325
2316	0.121325
2317	0.121325
2318	0.121325
2319	0.121325
2320	0.121325
2321	0.121325
2322	0.121325
2323	0.121325
2324	0.121325
2325	0.121325
2326	0.121325
2327	0.121325
2328	0.121325
2329	0.121325
2330	0.121325
2331	0.121325
2332	0.121325
2333	0.121325
2334	0.121325
2335	0.121325
2336	0.121325
2337	0.121325
2338	0.121325
2339	0.121325
2340	0.121325
2341	0.121325
2342	0.121325
2343	0.121325
2344	0.121325
2345	0.121325
2346	0.121325
2347	0.121325
2348	0.121325
2349	0.121325
2350	0.121325
2351	0.121325
2352	0.121325
2353	0.121325
2354	0.121325
2355	0.121325
2356	0.121325
2357	0.121325
2358	0.121325
2359	0.121325
2360	0.121325
2361	0.121325
2362	0.121325
2363	0.121325
2364	0.121325
2365	0.121325
2366	0.121325
2367	0.121325
2368	0.121325
2369	0.121325
2370	0.121325
2371	0.121325
2372	0.121325
2373	0.121325
2374	0.121325
2375	0.121325
2376	0.121325
2377	0.121325
2378	0.121325
2379	0.121325
2380	0.121325
2381	0.121325
2382	0.121325
2383	0.121325
2384	0.121325
2385	0.121325
2386	0.121325
2387	0.121325
2388	0.121325
2389	0.121325
2390	0.121325
2391	0.121325
2392	0.121325
2393	0.121325
2394	0.121325
2395	0.121325
2396	0.121325
2397	0.121325
2398	0.121325
2399	0.121325
2400	0.121325
2401	0.121325
2402	0.121325
2403	0.121325
2404	0.121325
2405	0.121325
2406	0.121325
2407	0.121325
2408	0.121325
2409	0.121325
2410	0.121325
2411	0.121325
2412	0.121325
2413	0.121325
2414	0.121325
2415	0.121325
2416	0.121325
2417	0.121325
2418	0.121325
2419	0.121325
2420	0.121325
2421	0.121325
2422	0.121325
2423	0.121325
2424	0.121325
2425	0.121325
2426	0.121325
2427	0.121325
2428	0.121325
2429	0.121325
2430	0.121325
2431	0.121325
2432	0.121325
2433	0.121325
2434	0.121325
2435	0.121325
2436	0.121325
2437	0.121325
2438	0.121325
2439	0.121325
2440	0.121325
2441	0.121325
2442	0.121325
2443	0.121325
2444	0.121325
2445	0.121325
2446	0.121325
2447	0.121325
2448	0.121325
2449	0.121325
2450	0.121325
2451	0.121325
2452	0.121325
2453	0.121325
2454	0.121325
2455	0.121325
2456	0.121325
2457	0.121325
2458	0.121325
2459	0.121325
2460	0.121325
2461	0.121325
2462	0.121325
2463	0.121325
2464	0.121325
2465	0.121325
2466	0.121325
2467	0.121325
2468	0.121325
2469	0.121325
2470	0.121325
2471	0.121325
2472	0.121325
2473	0.121325
2474	0.121325
2475	0.121325
2476	0.121325
2477	0.121325
2478	0.121325
2479	0.121325
2480	0.121325
2481	0.121325
2482	0.121325
2483	0.121325
2484	0.121325
2485	0.121325
2486	0.121325
2487	0.121325
2488	0.121325
2489	0.121325
2490	0.121325
2491	0.121325
2492	0.121325
2493	0.121325
2494	0.121325
2495	0.121325
2496	0.121325
2497	0.121325
2498	0.121325
2499	0.121325
2500	0.121325
2501	0.121325
2502	0.121325
2503	0.121325
2504	0.121325
2505	0.121325
2506	0.121325
2507	0.121325
2508	0.121325
2509	0.121325
2510	0.121325
2511	0.121325
2512	0.121325
2513	0.121325
2514	0.121325
2515	0.121325
2516	0.121325
2517	0.121325
2518	0.121325
2519	0.121325
2520	0.121325
2521	0.121325
2522	0.121325
2523	0.121325
2524	0.121325
2525	0.121325
2526	0.121325
2527	0.121325
2528	0.121325
2529	0.121325
2530	0.121325
2531	0.121325
2532	0.121325
2533	0.121325
2534	0.121325
2535	0.121325
2536	0.121325
2537	0.121325
2538	0.121325
2539	0.121325
2540	0.121325
2541	0.121325
2542	0.121325
2543	0.121325
2544	0.121325
2545	0.121325
2546	0.121325
2547	0.121325
2548	0.121325
2549	0.121325
2550	0.121325
2551	0.121325
2552	0.121325
2553	0.121325
2554	0.121325
2555	0.121325
2556	0.121325
2557	0.121325
2558	0.121325
2559	0.121325
2560	0.121325
2561	0.121325
2562	0.121325
2563	0.121325
2564	0.121325
2565	0.121325
2566	0.121325
2567	0.121325
2568	0.121325
2569	0.121325
2570	0.121325
2571	0.121325
2572	0.121325
2573	0.121325
2574	0.121325
2575	0.121325
2576	0.121325
2577	0.121325
2578	0.121325
2579	0.121325
2580	0.121325
2581	0.121325
2582	0.121325
2583	0.121325
2584	0.121325
2585	0.121325
2586	0.121325
2587	0.121325
2588	0.121325
2589	0.121325
2590	0.121325
2591	0.121325
2592	0.121325
2593	0.121325
2594	0.121325
2595	0.121325
2596	0.121325
2597	0.121325
2598	0.121325
2599	0.121325
2600	0.121325
