COLCODE	mod_RF
1610	0.0149792391
1611	0.0483167391
1612	0.0929329891
1613	0.109242989
1614	0.0909992391
1615	0.0297929891
1616	-0.0176757609
1617	-0.0296195109
1618	-0.0226632609
1619	-0.0151207609
1620	-0.0157945109
1621	-0.0164682609
1622	-0.0171420109
1623	-0.0210532609
1624	-0.005539510870000001
1625	0.003822989129999999
1626	-0.012670760900000001
1627	-0.0185595109
1628	-0.0228995109
1629	-0.0411870109
1630	-0.0534982609
1631	-0.0556420109
1632	-0.0500157609
1633	-0.0484495109
1634	-0.0549857609
1635	-0.0574532609
1636	-0.0606470109
1637	-0.0201345109
1638	0.0253217391
1639	-0.007700760870000001
1640	-0.0551782609
1641	-0.0370657609
1642	-0.028237010899999998
1643	-0.0521595109
1644	-0.0641470109
1645	-0.0713482609
1646	-0.0714445109
1647	-0.0716632609
1648	-0.0720482609
1649	-0.0723545109
1650	-0.0724945109
1651	-0.0701495109
1652	-0.0696595109
1653	-0.0722757609
1654	-0.0738420109
1655	-0.0747957609
1656	-0.0753295109
1657	-0.0762395109
1658	-0.0768870109
1659	-0.0758895109
1660	-0.0754257609
1661	-0.07659826089999999
1662	-0.0770620109
1663	-0.0770532609
1664	-0.0770357609
1665	-0.0770270109
1666	-0.0770445109
1667	-0.0770882609
1668	-0.0771145109
1669	-0.0771145109
1670	-0.0765807609
1671	-0.0763532609
1672	-0.0768870109
1673	-0.07700076089999999
1674	-0.0770182609
1675	-0.0761082609
1676	-0.0759857609
1677	-0.0769570109
1678	-0.0771232609
1679	-0.0767557609
1680	-0.0767557609
1681	-0.0772370109
1682	-0.0772370109
1683	-0.07639701089999999
1684	-0.0763795109
1685	-0.0768345109
1686	-0.0767557609
1687	-0.0767557609
1688	-0.0765807609
1689	-0.0767207609
1690	-0.0766245109
1691	-0.0763707609
1692	-0.07619576089999999
1693	-0.0761345109
1694	-0.0760557609
1695	-0.07606451089999999
1696	-0.0761345109
1697	-0.07612576089999999
1698	-0.0760732609
1699	-0.0757495109
1700	-0.0752945109
1701	-0.07485701089999999
1702	-0.0730370109
1703	-0.0701670109
1704	-0.0674720109
1705	-0.0670957609
1706	-0.0666582609
1707	-0.06647451089999999
1708	-0.0681195109
1709	-0.0683295109
1710	-0.0672357609
1711	-0.0658007609
1712	-0.0647157609
1713	-0.0627470109
1714	-0.0589757609
1715	-0.0531045109
1716	-0.0443545109
1717	-0.044240760899999995
1718	-0.0343095109
1719	-0.024229510899999997
1720	-0.0290332609
1721	-0.0347207609
1722	-0.0438470109
1723	-0.039717010899999995
1724	-0.0332682609
1725	-0.0193295109
1726	-0.00399076087
1727	0.0131854891
1728	0.005765489129999999
1729	0.00898548913
1730	-0.005600760870000001
1731	-0.0363570109
1732	-0.0348520109
1733	-0.043637010899999995
1734	-0.0313695109
1735	-0.00161951087
1736	0.00223923913
1737	-0.016275760900000002
1738	0.0009442391310000001
1739	-0.003947010870000001
1740	-0.00121701087
1741	0.00259798913
1742	-0.027230760899999998
1743	-0.0369432609
1744	-0.0416157609
1745	-0.0408632609
1746	-0.0396295109
1747	-0.00178576087
1748	0.0370992391
1749	0.035672989100000004
1750	0.017569239099999998
1751	0.00021798913
1752	-0.0038070108700000004
1753	-0.0130032609
1754	-0.021753260899999998
1755	-0.0204407609
1756	-0.007193260870000001
1757	0.013509239099999999
1758	0.0289704891
1759	0.032356739100000004
1760	0.0445804891
1761	0.0468554891
1762	0.028594239100000002
1763	0.0203604891
1764	0.005082989129999999
1765	-0.0107895109
1766	0.0045404891299999995
1767	0.0446767391
1768	0.08297548910000001
1769	0.0993729891
1770	0.09028173910000001
1771	0.0746454891
1772	0.0491654891
1773	0.026669239100000002
1774	0.011356739099999999
1775	0.0041554891299999995
1776	0.023081739100000002
1777	0.0573467391
1778	0.0825292391
1779	0.0720117391
1780	0.0661842391
1781	0.0527442391
1782	0.0213842391
1783	0.00168798913
1784	-0.00466451087
1785	0.0278504891
1786	0.0696667391
1787	0.0794579891
1788	0.0729654891
1789	0.0624917391
1790	0.040669239100000004
1791	0.0262929891
1792	0.0232742391
1793	0.013255489099999998
1794	-0.005215760870000001
1795	-0.0180607609
1796	-0.025305760899999998
1797	-0.0321395109
1798	-0.0337845109
1799	-0.029689510899999997
1800	-0.00231951087
1801	0.0108579891
1802	-0.0113582609
1803	-0.0225932609
1804	-0.0213420109
1805	-0.028972010899999998
1806	-0.0434182609
1807	-0.0515295109
1808	-0.0561670109
1809	-0.0593520109
1810	-0.058984510899999995
1811	-0.0542857609
1812	-0.046454510899999996
1813	-0.040119510899999995
1814	-0.033215760899999995
1815	-0.0199945109
1816	-0.0139220109
1817	-0.0204582609
1818	-0.025988260899999997
1819	-0.0321920109
1820	-0.0389645109
1821	-0.0387720109
1822	-0.0362432609
1823	-0.0322095109
1824	-0.022199510899999997
1825	-0.00674701087
1826	0.0120129891
1827	0.029399239100000002
1828	0.038621739100000003
1829	0.0437754891
1830	0.032925489100000004
1831	0.00956298913
1832	-0.007700760870000001
1833	-0.0129420109
1834	0.0130017391
1835	0.06923798910000001
1836	0.109050489
1837	0.0968354891
1838	0.0709967391
1839	0.0535842391
1840	0.0300992391
1841	0.0120129891
1842	0.00104923913
1843	-0.00242451087
1844	0.0114267391
1845	0.0312017391
1846	0.0486667391
1847	0.0747242391
1848	0.0911304891
1849	0.0729042391
1850	0.0558679891
1851	0.0492967391
1852	0.0327067391
1853	0.012292989099999999
1854	-0.00538201087
1855	-0.012040760900000001
1856	-0.00225826087
1857	0.0241842391
1858	0.0601292391
1859	0.0850054891
1860	0.08123423910000001
1861	0.0585017391
1862	0.0380267391
1863	0.0252517391
1864	0.011881739099999998
1865	-0.00160201087
1866	-0.011734510900000002
1867	-0.00232826087
1868	0.0323217391
1869	0.0738842391
1870	0.0895117391
1871	0.0801667391
1872	0.058492989100000004
1873	0.029670489100000003
1874	0.0054242391299999995
1875	-0.0119795109
1876	-0.016345760900000002
1877	-0.0188307609
1878	-0.0193820109
1879	-0.00458576087
1880	0.0208767391
1881	0.035541739100000004
1882	0.0417017391
1883	0.0372392391
1884	0.0190654891
1885	-0.00498826087
1886	-0.023258260899999997
1887	-0.030162010899999998
1888	-0.0357445109
1889	-0.0352020109
1890	-0.0101770109
1891	0.020447989099999998
1892	0.0414129891
1893	0.0620892391
1894	0.0602517391
1895	0.0342467391
1896	0.005686739129999999
1897	-0.009030760870000001
1898	-0.0155495109
1899	-0.0227682609
1900	-0.0322970109
1901	-0.0383870109
1902	-0.0192507609
1903	0.022766739100000002
1904	0.029871739100000003
1905	0.0305279891
1906	0.0375804891
1907	0.0331442391
1908	0.0291629891
1909	0.00782173913
1910	-0.0111570109
1911	-0.022523260899999998
1912	-0.0251307609
1913	-0.0178332609
1914	0.014672989099999999
1915	0.059700489100000004
1916	0.0911129891
1917	0.100790489
1918	0.0773579891
1919	0.0430754891
1920	0.0196692391
1921	0.000156739131
1922	-0.007385760870000001
1923	-0.00184701087
1924	0.0187767391
1925	0.0454817391
1926	0.0703842391
1927	0.07573923910000001
1928	0.0614329891
1929	0.0562704891
1930	0.0440467391
1931	0.0240004891
1932	0.0040504891299999995
1933	0.00327173913
1934	0.0319979891
1935	0.0850054891
1936	0.113329239
1937	0.101936739
1938	0.0948667391
1939	0.0879629891
1940	0.0755642391
1941	0.0596129891
1942	0.0367754891
1943	0.025584239100000003
1944	0.051562989100000005
1945	0.08350923910000001
1946	0.11304048900000001
1947	0.145406739
1948	0.148644239
1949	0.119252989
1950	0.0773404891
1951	0.0558592391
1952	0.0429004891
1953	0.0331704891
1954	0.046199239100000004
1955	0.10346798900000001
1956	0.181412989
1957	0.20957923899999997
1958	0.184615489
1959	0.153456739
1960	0.112952989
1961	0.0667267391
1962	0.0471617391
1963	0.042716739100000005
1964	0.0460242391
1965	0.0652917391
1966	0.0985592391
1967	0.120136739
1968	0.131800489
1969	0.138642989
1970	0.113302989
1971	0.0966692391
1972	0.0827654891
1973	0.0542929891
1974	0.0311404891
1975	0.0239829891
1976	0.0501104891
1977	0.105182989
1978	0.175331739
1979	0.20801298899999998
1980	0.213289239
1981	0.18158798899999998
1982	0.138196739
1983	0.09658173910000001
1984	0.0477917391
1985	0.0327067391
1986	0.0456829891
1987	0.0845942391
1988	0.159669239
1989	0.200855489
1990	0.183162989
1991	0.161182989
1992	0.124686739
1993	0.0804992391
1994	0.0517117391
1995	0.0355242391
1996	0.0390504891
1997	0.0819254891
1998	0.138380489
1999	0.18926173899999998
2000	0.20825798899999998
2001	0.20800423899999998
2002	0.17543673899999998
2003	0.12007548900000001
2004	0.0872192391
2005	0.0664554891
2006	0.0550367391
2007	0.0446329891
2008	0.0418154891
2009	0.138380489
2010	0.12132514800000001
2011	0.12132514800000001
2012	0.12132514800000001
2013	0.12132514800000001
2014	0.12132514800000001
2015	0.12132514800000001
2016	0.12132514800000001
2017	0.12132514800000001
2018	0.12132514800000001
2019	0.12132514800000001
2020	0.12132514800000001
2021	0.12132514800000001
2022	0.12132514800000001
2023	0.12132514800000001
2024	0.12132514800000001
2025	0.12132514800000001
2026	0.12132514800000001
2027	-1.0282980689999994
2028	-1.0677934219999994
2029	-1.1075784749999995
2030	-1.1525729509999998
2031	-1.1949117269999996
2032	-1.236191302
2033	-1.2756027279999995
2034	-1.3170635739999996
2035	-1.356517593
2036	-1.3966727799999998
2037	-1.4331948959999994
2038	-1.4788373250000002
2039	-1.518349729
2040	-1.5560020799999998
2041	-1.5925588409999998
2042	-1.6294532729999998
2043	-1.6668579049999996
2044	-1.7064595419999997
2045	-1.7400616139999996
2046	-1.775901324
2047	-1.8079454189999997
2048	-1.8407064539999998
2049	-1.8753559699999998
2050	-1.9093787049999995
2051	-1.9421512370000005
2052	-1.9773334300000003
2053	-2.0087576729999994
2054	-2.039460196
2055	-2.067500918
2056	-2.0976346520000004
2057	-2.1243084829999996
2058	-2.148480905
2059	-2.1783503339999997
2060	-2.2033120150000003
2061	-2.226901824
2062	-2.2501144089999996
2063	-2.2742662730000007
2064	-2.297207312
2065	-2.3224447109999997
2066	-2.347181347999999
2067	-2.371610882
2068	-2.3956673479999995
2069	-2.417351711
2070	-2.444123552
2071	-2.467565408
2072	-2.4865004679999996
2073	-2.5033080169999997
2074	-2.5272507019999995
2075	-2.5494039329999993
2076	-2.5659921139999997
2077	-2.584555619
2078	-2.601248949
2079	-2.620493942
2080	-2.635995601999999
2081	-2.6522049739999995
2082	-2.6676038699999993
2083	-2.681983181
2084	-2.698265917
2085	-2.713652107
2086	-2.727798797999999
2087	-2.7421459549999994
2088	-2.753837094
2089	-2.7647513590000004
2090	-2.778217221
2091	-2.7906654759999987
2092	-2.8045443039999998
2093	-2.8172835719999996
2094	-2.828254107
2095	-2.838332003000001
2096	-2.8479413889999994
2097	-2.857666488
2098	-2.8661272210000006
2099	-2.8755196259999987
2100	-2.883111528
2101	-2.8909111839999997
2102	-2.8996468269999993
2103	-2.9068090759999996
2104	-2.9164214570000007
2105	-2.922743856
2106	-2.928110123
2107	-2.9345024850000008
2108	-2.941331746
2109	-2.946586082
2110	-2.9524845570000005
2111	-2.959172276
2112	-2.9653761949999997
2113	-2.9726601259999996
2114	-2.9780646979999994
2115	-2.98375765
2116	-2.9856548669999996
2117	-2.989091377
2118	-2.9943666589999993
2119	-3.0002730530000004
2120	-3.0031432390000004
2121	-3.0046453639999995
2122	-3.0074372749999996
2123	-3.010061343
2124	-3.0125659440000008
2125	-3.0106610949999992
2126	-3.009322185999999
2127	-3.0098252660000004
2128	-3.008706157
2129	-3.007168595
2130	-3.0077114249999997
2131	-3.008755468
2132	-3.007637529999999
2133	-3.006216968000001
2134	-3.004275792
2135	-3.0028855899999995
2136	-3.0009180569999994
2137	-2.9986570159999997
2138	-2.9963526540000003
2139	-2.9970308299999995
2140	-2.9975087929999993
2141	-2.9967515819999995
2142	-2.995287638
2143	-2.992735802
2144	-2.9907528949999995
2145	-2.98765148
2146	-2.9821658459999987
2147	-2.9746218049999995
2148	-2.970697161
2149	-2.9688370019999994
2150	-2.965432469
2151	-2.948432469
2152	-2.931432469
2153	-2.9144324690000003
2154	-2.8974324690000004
2155	-2.8804324690000005
2156	-2.8634324690000006
2157	-2.8464324690000007
2158	-2.829432469000001
2159	-2.812432469000001
2160	-2.795432469000001
2161	-2.778432469000001
2162	-2.761432469000001
2163	-2.7444324690000013
2164	-2.7274324690000014
2165	-2.7104324690000015
2166	-2.6934324690000016
2167	-2.6764324690000016
2168	-2.6594324690000017
2169	-2.642432469000002
2170	-2.625432469000002
2171	-2.608432469000002
2172	-2.591432469000002
2173	-2.574432469000002
2174	-2.5574324690000023
2175	-2.5404324690000024
2176	-2.5234324690000025
2177	-2.5064324690000026
2178	-2.4894324690000027
2179	-2.472432469000003
2180	-2.455432469000003
2181	-2.438432469000003
2182	-2.421432469000003
2183	-2.404432469000003
2184	-2.3874324690000033
2185	-2.3614324690000035
2186	-2.3354324690000037
2187	-2.309432469000004
2188	-2.283432469000004
2189	-2.2574324690000043
2190	-2.2314324690000045
2191	-2.2054324690000047
2192	-2.179432469000005
2193	-2.153432469000005
2194	-2.1274324690000053
2195	-2.1014324690000055
2196	-2.0754324690000057
2197	-2.049432469000006
2198	-2.023432469000006
2199	-1.997432469000006
2200	-1.971432469000006
2201	-1.945432469000006
2202	-1.919432469000006
2203	-1.893432469000006
2204	-1.867432469000006
2205	-1.841432469000006
2206	-1.8154324690000059
2207	-1.7894324690000059
2208	-1.7634324690000058
2209	-1.7374324690000058
2210	-1.7114324690000058
2211	-1.6854324690000058
2212	-1.6594324690000057
2213	-1.6334324690000057
2214	-1.6074324690000057
2215	-1.5814324690000057
2216	-1.5554324690000056
2217	-1.5294324690000056
2218	-1.5034324690000056
2219	-1.4774324690000056
2220	-1.4514324690000056
2221	-1.4254324690000055
2222	-1.3994324690000055
2223	-1.3734324690000055
2224	-1.3474324690000055
2225	-1.3214324690000054
2226	-1.2954324690000054
2227	-1.2694324690000054
2228	-1.2524324690000055
2229	-1.2354324690000056
2230	-1.2184324690000057
2231	-1.2014324690000058
2232	-1.1844324690000059
2233	-1.167432469000006
2234	-1.150432469000006
2235	-1.1334324690000062
2236	-1.1164324690000063
2237	-1.0994324690000064
2238	-1.0824324690000064
2239	-1.0654324690000065
2240	-1.0484324690000066
2241	-1.0314324690000067
2242	-1.0144324690000068
2243	-0.9974324690000068
2244	-0.9804324690000068
2245	-0.9634324690000068
2246	-0.9464324690000068
2247	-0.9294324690000068
2248	-0.9124324690000067
2249	-0.8954324690000067
2250	-0.8784324690000067
2251	-0.8614324690000067
2252	-0.8444324690000067
2253	-0.8274324690000067
2254	-0.8104324690000067
2255	-0.7934324690000066
2256	-0.7764324690000066
2257	-0.7594324690000066
2258	-0.7424324690000066
2259	-0.7254324690000066
2260	-0.7084324690000066
2261	-0.6914324690000065
2262	-0.6744324690000065
2263	-0.6574324690000065
2264	-0.6404324690000065
2265	-0.6234324690000065
2266	-0.6064324690000065
2267	-0.5894324690000065
2268	-0.5724324690000064
2269	-0.5554324690000064
2270	-0.5384324690000064
2271	-0.5214324690000064
2272	-0.5044324690000064
2273	-0.48743246900000636
2274	-0.47043246900000635
2275	-0.45343246900000633
2276	-0.4364324690000063
2277	-0.4194324690000063
2278	-0.4024324690000063
2279	-0.3854324690000063
2280	-0.36843246900000626
2281	-0.35143246900000624
2282	-0.3344324690000062
2283	-0.3174324690000062
2284	-0.3004324690000062
2285	-0.2834324690000062
2286	-0.26643246900000617
2287	-0.24943246900000615
2288	-0.23243246900000614
2289	-0.21543246900000612
2290	-0.1984324690000061
2291	-0.1814324690000061
2292	-0.16443246900000608
2293	-0.14743246900000606
2294	-0.13043246900000605
2295	-0.11343246900000604
2296	-0.09643246900000604
2297	-0.07943246900000604
2298	-0.06243246900000604
2299	-0.04543246900000604
2300	-0.02843246900000604
2301	-0.011432469000006037
2302	0.005567530999993964
2303	0.022567530999993965
2304	0.039567530999993966
2305	0.05656753099999397
2306	0.07356753099999397
2307	0.09056753099999397
2308	0.10756753099999397
2309	0.121325
2310	0.121325
2311	0.121325
2312	0.121325
2313	0.121325
2314	0.121325
2315	0.121325
2316	0.121325
2317	0.121325
2318	0.121325
2319	0.121325
2320	0.121325
2321	0.121325
2322	0.121325
2323	0.121325
2324	0.121325
2325	0.121325
2326	0.121325
2327	0.121325
2328	0.121325
2329	0.121325
2330	0.121325
2331	0.121325
2332	0.121325
2333	0.121325
2334	0.121325
2335	0.121325
2336	0.121325
2337	0.121325
2338	0.121325
2339	0.121325
2340	0.121325
2341	0.121325
2342	0.121325
2343	0.121325
2344	0.121325
2345	0.121325
2346	0.121325
2347	0.121325
2348	0.121325
2349	0.121325
2350	0.121325
2351	0.121325
2352	0.121325
2353	0.121325
2354	0.121325
2355	0.121325
2356	0.121325
2357	0.121325
2358	0.121325
2359	0.121325
2360	0.121325
2361	0.121325
2362	0.121325
2363	0.121325
2364	0.121325
2365	0.121325
2366	0.121325
2367	0.121325
2368	0.121325
2369	0.121325
2370	0.121325
2371	0.121325
2372	0.121325
2373	0.121325
2374	0.121325
2375	0.121325
2376	0.121325
2377	0.121325
2378	0.121325
2379	0.121325
2380	0.121325
2381	0.121325
2382	0.121325
2383	0.121325
2384	0.121325
2385	0.121325
2386	0.121325
2387	0.121325
2388	0.121325
2389	0.121325
2390	0.121325
2391	0.121325
2392	0.121325
2393	0.121325
2394	0.121325
2395	0.121325
2396	0.121325
2397	0.121325
2398	0.121325
2399	0.121325
2400	0.121325
2401	0.121325
2402	0.121325
2403	0.121325
2404	0.121325
2405	0.121325
2406	0.121325
2407	0.121325
2408	0.121325
2409	0.121325
2410	0.121325
2411	0.121325
2412	0.121325
2413	0.121325
2414	0.121325
2415	0.121325
2416	0.121325
2417	0.121325
2418	0.121325
2419	0.121325
2420	0.121325
2421	0.121325
2422	0.121325
2423	0.121325
2424	0.121325
2425	0.121325
2426	0.121325
2427	0.121325
2428	0.121325
2429	0.121325
2430	0.121325
2431	0.121325
2432	0.121325
2433	0.121325
2434	0.121325
2435	0.121325
2436	0.121325
2437	0.121325
2438	0.121325
2439	0.121325
2440	0.121325
2441	0.121325
2442	0.121325
2443	0.121325
2444	0.121325
2445	0.121325
2446	0.121325
2447	0.121325
2448	0.121325
2449	0.121325
2450	0.121325
2451	0.121325
2452	0.121325
2453	0.121325
2454	0.121325
2455	0.121325
2456	0.121325
2457	0.121325
2458	0.121325
2459	0.121325
2460	0.121325
2461	0.121325
2462	0.121325
2463	0.121325
2464	0.121325
2465	0.121325
2466	0.121325
2467	0.121325
2468	0.121325
2469	0.121325
2470	0.121325
2471	0.121325
2472	0.121325
2473	0.121325
2474	0.121325
2475	0.121325
2476	0.121325
2477	0.121325
2478	0.121325
2479	0.121325
2480	0.121325
2481	0.121325
2482	0.121325
2483	0.121325
2484	0.121325
2485	0.121325
2486	0.121325
2487	0.121325
2488	0.121325
2489	0.121325
2490	0.121325
2491	0.121325
2492	0.121325
2493	0.121325
2494	0.121325
2495	0.121325
2496	0.121325
2497	0.121325
2498	0.121325
2499	0.121325
2500	0.121325
2501	0.121325
2502	0.121325
2503	0.121325
2504	0.121325
2505	0.121325
2506	0.121325
2507	0.121325
2508	0.121325
2509	0.121325
2510	0.121325
2511	0.121325
2512	0.121325
2513	0.121325
2514	0.121325
2515	0.121325
2516	0.121325
2517	0.121325
2518	0.121325
2519	0.121325
2520	0.121325
2521	0.121325
2522	0.121325
2523	0.121325
2524	0.121325
2525	0.121325
2526	0.121325
2527	0.121325
2528	0.121325
2529	0.121325
2530	0.121325
2531	0.121325
2532	0.121325
2533	0.121325
2534	0.121325
2535	0.121325
2536	0.121325
2537	0.121325
2538	0.121325
2539	0.121325
2540	0.121325
2541	0.121325
2542	0.121325
2543	0.121325
2544	0.121325
2545	0.121325
2546	0.121325
2547	0.121325
2548	0.121325
2549	0.121325
2550	0.121325
2551	0.121325
2552	0.121325
2553	0.121325
2554	0.121325
2555	0.121325
2556	0.121325
2557	0.121325
2558	0.121325
2559	0.121325
2560	0.121325
2561	0.121325
2562	0.121325
2563	0.121325
2564	0.121325
2565	0.121325
2566	0.121325
2567	0.121325
2568	0.121325
2569	0.121325
2570	0.121325
2571	0.121325
2572	0.121325
2573	0.121325
2574	0.121325
2575	0.121325
2576	0.121325
2577	0.121325
2578	0.121325
2579	0.121325
2580	0.121325
2581	0.121325
2582	0.121325
2583	0.121325
2584	0.121325
2585	0.121325
2586	0.121325
2587	0.121325
2588	0.121325
2589	0.121325
2590	0.121325
2591	0.121325
2592	0.121325
2593	0.121325
2594	0.121325
2595	0.121325
2596	0.121325
2597	0.121325
2598	0.121325
2599	0.121325
2600	0.121325
