COLCODE	mod_RF
1610	0.0149792391
1611	0.0483167391
1612	0.0929329891
1613	0.109242989
1614	0.0909992391
1615	0.0297929891
1616	-0.0176757609
1617	-0.0296195109
1618	-0.0226632609
1619	-0.0151207609
1620	-0.0157945109
1621	-0.0164682609
1622	-0.0171420109
1623	-0.0210532609
1624	-0.005539510870000001
1625	0.003822989129999999
1626	-0.012670760900000001
1627	-0.0185595109
1628	-0.0228995109
1629	-0.0411870109
1630	-0.0534982609
1631	-0.0556420109
1632	-0.0500157609
1633	-0.0484495109
1634	-0.0549857609
1635	-0.0574532609
1636	-0.0606470109
1637	-0.0201345109
1638	0.0253217391
1639	-0.007700760870000001
1640	-0.0551782609
1641	-0.0370657609
1642	-0.028237010899999998
1643	-0.0521595109
1644	-0.0641470109
1645	-0.0713482609
1646	-0.0714445109
1647	-0.0716632609
1648	-0.0720482609
1649	-0.0723545109
1650	-0.0724945109
1651	-0.0701495109
1652	-0.0696595109
1653	-0.0722757609
1654	-0.0738420109
1655	-0.0747957609
1656	-0.0753295109
1657	-0.0762395109
1658	-0.0768870109
1659	-0.0758895109
1660	-0.0754257609
1661	-0.07659826089999999
1662	-0.0770620109
1663	-0.0770532609
1664	-0.0770357609
1665	-0.0770270109
1666	-0.0770445109
1667	-0.0770882609
1668	-0.0771145109
1669	-0.0771145109
1670	-0.0765807609
1671	-0.0763532609
1672	-0.0768870109
1673	-0.07700076089999999
1674	-0.0770182609
1675	-0.0761082609
1676	-0.0759857609
1677	-0.0769570109
1678	-0.0771232609
1679	-0.0767557609
1680	-0.0767557609
1681	-0.0772370109
1682	-0.0772370109
1683	-0.07639701089999999
1684	-0.0763795109
1685	-0.0768345109
1686	-0.0767557609
1687	-0.0767557609
1688	-0.0765807609
1689	-0.0767207609
1690	-0.0766245109
1691	-0.0763707609
1692	-0.07619576089999999
1693	-0.0761345109
1694	-0.0760557609
1695	-0.07606451089999999
1696	-0.0761345109
1697	-0.07612576089999999
1698	-0.0760732609
1699	-0.0757495109
1700	-0.0752945109
1701	-0.07485701089999999
1702	-0.0730370109
1703	-0.0701670109
1704	-0.0674720109
1705	-0.0670957609
1706	-0.0666582609
1707	-0.06647451089999999
1708	-0.0681195109
1709	-0.0683295109
1710	-0.0672357609
1711	-0.0658007609
1712	-0.0647157609
1713	-0.0627470109
1714	-0.0589757609
1715	-0.0531045109
1716	-0.0443545109
1717	-0.044240760899999995
1718	-0.0343095109
1719	-0.024229510899999997
1720	-0.0290332609
1721	-0.0347207609
1722	-0.0438470109
1723	-0.039717010899999995
1724	-0.0332682609
1725	-0.0193295109
1726	-0.00399076087
1727	0.0131854891
1728	0.005765489129999999
1729	0.00898548913
1730	-0.005600760870000001
1731	-0.0363570109
1732	-0.0348520109
1733	-0.043637010899999995
1734	-0.0313695109
1735	-0.00161951087
1736	0.00223923913
1737	-0.016275760900000002
1738	0.0009442391310000001
1739	-0.003947010870000001
1740	-0.00121701087
1741	0.00259798913
1742	-0.027230760899999998
1743	-0.0369432609
1744	-0.0416157609
1745	-0.0408632609
1746	-0.0396295109
1747	-0.00178576087
1748	0.0370992391
1749	0.035672989100000004
1750	0.017569239099999998
1751	0.00021798913
1752	-0.0038070108700000004
1753	-0.0130032609
1754	-0.021753260899999998
1755	-0.0204407609
1756	-0.007193260870000001
1757	0.013509239099999999
1758	0.0289704891
1759	0.032356739100000004
1760	0.0445804891
1761	0.0468554891
1762	0.028594239100000002
1763	0.0203604891
1764	0.005082989129999999
1765	-0.0107895109
1766	0.0045404891299999995
1767	0.0446767391
1768	0.08297548910000001
1769	0.0993729891
1770	0.09028173910000001
1771	0.0746454891
1772	0.0491654891
1773	0.026669239100000002
1774	0.011356739099999999
1775	0.0041554891299999995
1776	0.023081739100000002
1777	0.0573467391
1778	0.0825292391
1779	0.0720117391
1780	0.0661842391
1781	0.0527442391
1782	0.0213842391
1783	0.00168798913
1784	-0.00466451087
1785	0.0278504891
1786	0.0696667391
1787	0.0794579891
1788	0.0729654891
1789	0.0624917391
1790	0.040669239100000004
1791	0.0262929891
1792	0.0232742391
1793	0.013255489099999998
1794	-0.005215760870000001
1795	-0.0180607609
1796	-0.025305760899999998
1797	-0.0321395109
1798	-0.0337845109
1799	-0.029689510899999997
1800	-0.00231951087
1801	0.0108579891
1802	-0.0113582609
1803	-0.0225932609
1804	-0.0213420109
1805	-0.028972010899999998
1806	-0.0434182609
1807	-0.0515295109
1808	-0.0561670109
1809	-0.0593520109
1810	-0.058984510899999995
1811	-0.0542857609
1812	-0.046454510899999996
1813	-0.040119510899999995
1814	-0.033215760899999995
1815	-0.0199945109
1816	-0.0139220109
1817	-0.0204582609
1818	-0.025988260899999997
1819	-0.0321920109
1820	-0.0389645109
1821	-0.0387720109
1822	-0.0362432609
1823	-0.0322095109
1824	-0.022199510899999997
1825	-0.00674701087
1826	0.0120129891
1827	0.029399239100000002
1828	0.038621739100000003
1829	0.0437754891
1830	0.032925489100000004
1831	0.00956298913
1832	-0.007700760870000001
1833	-0.0129420109
1834	0.0130017391
1835	0.06923798910000001
1836	0.109050489
1837	0.0968354891
1838	0.0709967391
1839	0.0535842391
1840	0.0300992391
1841	0.0120129891
1842	0.00104923913
1843	-0.00242451087
1844	0.0114267391
1845	0.0312017391
1846	0.0486667391
1847	0.0747242391
1848	0.0911304891
1849	0.0729042391
1850	0.0558679891
1851	0.0492967391
1852	0.0327067391
1853	0.012292989099999999
1854	-0.00538201087
1855	-0.012040760900000001
1856	-0.00225826087
1857	0.0241842391
1858	0.0601292391
1859	0.0850054891
1860	0.08123423910000001
1861	0.0585017391
1862	0.0380267391
1863	0.0252517391
1864	0.011881739099999998
1865	-0.00160201087
1866	-0.011734510900000002
1867	-0.00232826087
1868	0.0323217391
1869	0.0738842391
1870	0.0895117391
1871	0.0801667391
1872	0.058492989100000004
1873	0.029670489100000003
1874	0.0054242391299999995
1875	-0.0119795109
1876	-0.016345760900000002
1877	-0.0188307609
1878	-0.0193820109
1879	-0.00458576087
1880	0.0208767391
1881	0.035541739100000004
1882	0.0417017391
1883	0.0372392391
1884	0.0190654891
1885	-0.00498826087
1886	-0.023258260899999997
1887	-0.030162010899999998
1888	-0.0357445109
1889	-0.0352020109
1890	-0.0101770109
1891	0.020447989099999998
1892	0.0414129891
1893	0.0620892391
1894	0.0602517391
1895	0.0342467391
1896	0.005686739129999999
1897	-0.009030760870000001
1898	-0.0155495109
1899	-0.0227682609
1900	-0.0322970109
1901	-0.0383870109
1902	-0.0192507609
1903	0.022766739100000002
1904	0.029871739100000003
1905	0.0305279891
1906	0.0375804891
1907	0.0331442391
1908	0.0291629891
1909	0.00782173913
1910	-0.0111570109
1911	-0.022523260899999998
1912	-0.0251307609
1913	-0.0178332609
1914	0.014672989099999999
1915	0.059700489100000004
1916	0.0911129891
1917	0.100790489
1918	0.0773579891
1919	0.0430754891
1920	0.0196692391
1921	0.000156739131
1922	-0.007385760870000001
1923	-0.00184701087
1924	0.0187767391
1925	0.0454817391
1926	0.0703842391
1927	0.07573923910000001
1928	0.0614329891
1929	0.0562704891
1930	0.0440467391
1931	0.0240004891
1932	0.0040504891299999995
1933	0.00327173913
1934	0.0319979891
1935	0.0850054891
1936	0.113329239
1937	0.101936739
1938	0.0948667391
1939	0.0879629891
1940	0.0755642391
1941	0.0596129891
1942	0.0367754891
1943	0.025584239100000003
1944	0.051562989100000005
1945	0.08350923910000001
1946	0.11304048900000001
1947	0.145406739
1948	0.148644239
1949	0.119252989
1950	0.0773404891
1951	0.0558592391
1952	0.0429004891
1953	0.0331704891
1954	0.046199239100000004
1955	0.10346798900000001
1956	0.181412989
1957	0.20957923899999997
1958	0.184615489
1959	0.153456739
1960	0.112952989
1961	0.0667267391
1962	0.0471617391
1963	0.042716739100000005
1964	0.0460242391
1965	0.0652917391
1966	0.0985592391
1967	0.120136739
1968	0.131800489
1969	0.138642989
1970	0.113302989
1971	0.0966692391
1972	0.0827654891
1973	0.0542929891
1974	0.0311404891
1975	0.0239829891
1976	0.0501104891
1977	0.105182989
1978	0.175331739
1979	0.20801298899999998
1980	0.213289239
1981	0.18158798899999998
1982	0.138196739
1983	0.09658173910000001
1984	0.0477917391
1985	0.0327067391
1986	0.0456829891
1987	0.0845942391
1988	0.159669239
1989	0.200855489
1990	0.183162989
1991	0.161182989
1992	0.124686739
1993	0.0804992391
1994	0.0517117391
1995	0.0355242391
1996	0.0390504891
1997	0.0819254891
1998	0.138380489
1999	0.18926173899999998
2000	0.20825798899999998
2001	0.20800423899999998
2002	0.17543673899999998
2003	0.12007548900000001
2004	0.0872192391
2005	0.0664554891
2006	0.0550367391
2007	0.0446329891
2008	0.0418154891
2009	0.138380489
2010	0.12132514800000001
2011	0.12132514800000001
2012	0.12132514800000001
2013	0.12132514800000001
2014	0.12132514800000001
2015	0.12132514800000001
2016	0.12132514800000001
2017	0.12132514800000001
2018	0.12132514800000001
2019	0.12132514800000001
2020	0.12132514800000001
2021	0.12132514800000001
2022	0.12132514800000001
2023	0.12132514800000001
2024	0.12132514800000001
2025	0.12132514800000001
2026	0.12132514800000001
2027	0.12132514800000001
2028	0.12132514800000001
2029	0.12132514800000001
2030	0.12132514800000001
2031	0.12132514800000001
2032	0.12132514800000001
2033	0.12132514800000001
2034	-1.059499052
2035	-1.1043413019999995
2036	-1.1469708520000004
2037	-1.1873546519999993
2038	-1.2253012019999998
2039	-1.2650687020000002
2040	-1.3022446019999996
2041	-1.3386435520000002
2042	-1.3770681019999995
2043	-1.412497852
2044	-1.4481751519999997
2045	-1.4815300519999997
2046	-1.5182370519999995
2047	-1.5535220019999993
2048	-1.5874470519999995
2049	-1.6207759520000002
2050	-1.6524624519999995
2051	-1.6839179019999997
2052	-1.719742402
2053	-1.7565292020000007
2054	-1.7880506520000004
2055	-1.8163314519999996
2056	-1.8449885019999992
2057	-1.8715216519999998
2058	-1.9005865519999996
2059	-1.9286464019999996
2060	-1.9531220520000008
2061	-1.9757395519999998
2062	-1.9998804519999998
2063	-2.0206273020000007
2064	-2.0451047019999993
2065	-2.0697842519999994
2066	-2.091106952
2067	-2.113336752
2068	-2.1350370020000002
2069	-2.153902602
2070	-2.1711364520000003
2071	-2.1899083519999993
2072	-2.208094552
2073	-2.2303455519999997
2074	-2.2508621519999994
2075	-2.2703454520000004
2076	-2.288389502
2077	-2.3065140020000006
2078	-2.3247402020000005
2079	-2.3404317019999996
2080	-2.3543234520000005
2081	-2.3699788519999996
2082	-2.3867325019999996
2083	-2.399182202
2084	-2.4113260019999996
2085	-2.424231652000001
2086	-2.4367781019999994
2087	-2.4496673019999995
2088	-2.4628624020000003
2089	-2.476962152
2090	-2.4884025519999997
2091	-2.502084652
2092	-2.509868402
2093	-2.516795302
2094	-2.525470051999999
2095	-2.534389702
2096	-2.5398224520000006
2097	-2.5472939019999994
2098	-2.555150301999999
2099	-2.562990152
2100	-2.5734930019999998
2101	-2.5816299519999997
2102	-2.590634652
2103	-2.597668351999999
2104	-2.6040493019999995
2105	-2.611910952
2106	-2.621891802
2107	-2.626267302
2108	-2.6308703020000004
2109	-2.6330550019999994
2110	-2.637711052
2111	-2.6420703520000006
2112	-2.6449292019999997
2113	-2.647162952
2114	-2.6500226019999995
2115	-2.652757402
2116	-2.657435601999999
2117	-2.6625176519999996
2118	-2.666820601999999
2119	-2.6700146019999997
2120	-2.6741833519999996
2121	-2.672310901999999
2122	-2.671044002
2123	-2.6742681020000005
2124	-2.6761315519999997
2125	-2.6763204019999995
2126	-2.6755198019999997
2127	-2.6751869520000002
2128	-2.6751300519999996
2129	-2.6741509019999996
2130	-2.674554752
2131	-2.6747451020000006
2132	-2.6729578020000004
2133	-2.6704376020000002
2134	-2.6690252519999995
2135	-2.666463752
2136	-2.6642940520000002
2137	-2.6618535519999997
2138	-2.657603401999999
2139	-2.6531918520000004
2140	-2.6521907520000005
2141	-2.646856352
2142	-2.642808052000001
2143	-2.637723402
2144	-2.6310253519999995
2145	-2.625935552000001
2146	-2.6220598020000003
2147	-2.616181152
2148	-2.6095108019999995
2149	-2.6029381519999997
2150	-2.5977311019999996
2151	-2.5807311019999997
2152	-2.5637311019999998
2153	-2.546731102
2154	-2.529731102
2155	-2.512731102
2156	-2.495731102
2157	-2.4787311020000002
2158	-2.4617311020000003
2159	-2.4447311020000004
2160	-2.4277311020000005
2161	-2.4107311020000006
2162	-2.3937311020000007
2163	-2.376731102000001
2164	-2.359731102000001
2165	-2.342731102000001
2166	-2.325731102000001
2167	-2.308731102000001
2168	-2.2917311020000013
2169	-2.2747311020000014
2170	-2.2577311020000015
2171	-2.2407311020000016
2172	-2.2237311020000017
2173	-2.2067311020000018
2174	-2.189731102000002
2175	-2.172731102000002
2176	-2.155731102000002
2177	-2.138731102000002
2178	-2.1217311020000023
2179	-2.1047311020000024
2180	-2.0877311020000024
2181	-2.0707311020000025
2182	-2.0537311020000026
2183	-2.0367311020000027
2184	-2.019731102000003
2185	-1.9937311020000028
2186	-1.9677311020000028
2187	-1.9417311020000028
2188	-1.9157311020000027
2189	-1.8897311020000027
2190	-1.8637311020000027
2191	-1.8377311020000027
2192	-1.8117311020000026
2193	-1.7857311020000026
2194	-1.7597311020000026
2195	-1.7337311020000026
2196	-1.7077311020000026
2197	-1.6817311020000025
2198	-1.6557311020000025
2199	-1.6297311020000025
2200	-1.6037311020000025
2201	-1.5777311020000024
2202	-1.5517311020000024
2203	-1.5257311020000024
2204	-1.4997311020000024
2205	-1.4737311020000023
2206	-1.4477311020000023
2207	-1.4217311020000023
2208	-1.3957311020000023
2209	-1.3697311020000023
2210	-1.3437311020000022
2211	-1.3177311020000022
2212	-1.2917311020000022
2213	-1.2657311020000022
2214	-1.2397311020000021
2215	-1.2137311020000021
2216	-1.187731102000002
2217	-1.161731102000002
2218	-1.135731102000002
2219	-1.109731102000002
2220	-1.083731102000002
2221	-1.057731102000002
2222	-1.031731102000002
2223	-1.005731102000002
2224	-0.9797311020000019
2225	-0.9537311020000019
2226	-0.9277311020000019
2227	-0.9017311020000018
2228	-0.8847311020000018
2229	-0.8677311020000018
2230	-0.8507311020000018
2231	-0.8337311020000018
2232	-0.8167311020000018
2233	-0.7997311020000017
2234	-0.7827311020000017
2235	-0.7657311020000017
2236	-0.7487311020000017
2237	-0.7317311020000017
2238	-0.7147311020000017
2239	-0.6977311020000017
2240	-0.6807311020000016
2241	-0.6637311020000016
2242	-0.6467311020000016
2243	-0.6297311020000016
2244	-0.6127311020000016
2245	-0.5957311020000016
2246	-0.5787311020000016
2247	-0.5617311020000015
2248	-0.5447311020000015
2249	-0.5277311020000015
2250	-0.5107311020000015
2251	-0.4937311020000015
2252	-0.47673110200000146
2253	-0.45973110200000145
2254	-0.44273110200000143
2255	-0.4257311020000014
2256	-0.4087311020000014
2257	-0.3917311020000014
2258	-0.37473110200000137
2259	-0.35773110200000136
2260	-0.34073110200000134
2261	-0.3237311020000013
2262	-0.3067311020000013
2263	-0.2897311020000013
2264	-0.2727311020000013
2265	-0.25573110200000126
2266	-0.23873110200000125
2267	-0.22173110200000123
2268	-0.20473110200000122
2269	-0.1877311020000012
2270	-0.1707311020000012
2271	-0.15373110200000117
2272	-0.13673110200000116
2273	-0.11973110200000116
2274	-0.10273110200000116
2275	-0.08573110200000116
2276	-0.06873110200000115
2277	-0.05173110200000115
2278	-0.03473110200000115
2279	-0.01773110200000115
2280	-0.0007311020000011492
2281	0.016268897999998852
2282	0.03326889799999885
2283	0.050268897999998854
2284	0.06726889799999886
2285	0.08426889799999886
2286	0.10126889799999886
2287	0.11826889799999886
2288	0.121325
2289	0.121325
2290	0.121325
2291	0.121325
2292	0.121325
2293	0.121325
2294	0.121325
2295	0.121325
2296	0.121325
2297	0.121325
2298	0.121325
2299	0.121325
2300	0.121325
2301	0.121325
2302	0.121325
2303	0.121325
2304	0.121325
2305	0.121325
2306	0.121325
2307	0.121325
2308	0.121325
2309	0.121325
2310	0.121325
2311	0.121325
2312	0.121325
2313	0.121325
2314	0.121325
2315	0.121325
2316	0.121325
2317	0.121325
2318	0.121325
2319	0.121325
2320	0.121325
2321	0.121325
2322	0.121325
2323	0.121325
2324	0.121325
2325	0.121325
2326	0.121325
2327	0.121325
2328	0.121325
2329	0.121325
2330	0.121325
2331	0.121325
2332	0.121325
2333	0.121325
2334	0.121325
2335	0.121325
2336	0.121325
2337	0.121325
2338	0.121325
2339	0.121325
2340	0.121325
2341	0.121325
2342	0.121325
2343	0.121325
2344	0.121325
2345	0.121325
2346	0.121325
2347	0.121325
2348	0.121325
2349	0.121325
2350	0.121325
2351	0.121325
2352	0.121325
2353	0.121325
2354	0.121325
2355	0.121325
2356	0.121325
2357	0.121325
2358	0.121325
2359	0.121325
2360	0.121325
2361	0.121325
2362	0.121325
2363	0.121325
2364	0.121325
2365	0.121325
2366	0.121325
2367	0.121325
2368	0.121325
2369	0.121325
2370	0.121325
2371	0.121325
2372	0.121325
2373	0.121325
2374	0.121325
2375	0.121325
2376	0.121325
2377	0.121325
2378	0.121325
2379	0.121325
2380	0.121325
2381	0.121325
2382	0.121325
2383	0.121325
2384	0.121325
2385	0.121325
2386	0.121325
2387	0.121325
2388	0.121325
2389	0.121325
2390	0.121325
2391	0.121325
2392	0.121325
2393	0.121325
2394	0.121325
2395	0.121325
2396	0.121325
2397	0.121325
2398	0.121325
2399	0.121325
2400	0.121325
2401	0.121325
2402	0.121325
2403	0.121325
2404	0.121325
2405	0.121325
2406	0.121325
2407	0.121325
2408	0.121325
2409	0.121325
2410	0.121325
2411	0.121325
2412	0.121325
2413	0.121325
2414	0.121325
2415	0.121325
2416	0.121325
2417	0.121325
2418	0.121325
2419	0.121325
2420	0.121325
2421	0.121325
2422	0.121325
2423	0.121325
2424	0.121325
2425	0.121325
2426	0.121325
2427	0.121325
2428	0.121325
2429	0.121325
2430	0.121325
2431	0.121325
2432	0.121325
2433	0.121325
2434	0.121325
2435	0.121325
2436	0.121325
2437	0.121325
2438	0.121325
2439	0.121325
2440	0.121325
2441	0.121325
2442	0.121325
2443	0.121325
2444	0.121325
2445	0.121325
2446	0.121325
2447	0.121325
2448	0.121325
2449	0.121325
2450	0.121325
2451	0.121325
2452	0.121325
2453	0.121325
2454	0.121325
2455	0.121325
2456	0.121325
2457	0.121325
2458	0.121325
2459	0.121325
2460	0.121325
2461	0.121325
2462	0.121325
2463	0.121325
2464	0.121325
2465	0.121325
2466	0.121325
2467	0.121325
2468	0.121325
2469	0.121325
2470	0.121325
2471	0.121325
2472	0.121325
2473	0.121325
2474	0.121325
2475	0.121325
2476	0.121325
2477	0.121325
2478	0.121325
2479	0.121325
2480	0.121325
2481	0.121325
2482	0.121325
2483	0.121325
2484	0.121325
2485	0.121325
2486	0.121325
2487	0.121325
2488	0.121325
2489	0.121325
2490	0.121325
2491	0.121325
2492	0.121325
2493	0.121325
2494	0.121325
2495	0.121325
2496	0.121325
2497	0.121325
2498	0.121325
2499	0.121325
2500	0.121325
2501	0.121325
2502	0.121325
2503	0.121325
2504	0.121325
2505	0.121325
2506	0.121325
2507	0.121325
2508	0.121325
2509	0.121325
2510	0.121325
2511	0.121325
2512	0.121325
2513	0.121325
2514	0.121325
2515	0.121325
2516	0.121325
2517	0.121325
2518	0.121325
2519	0.121325
2520	0.121325
2521	0.121325
2522	0.121325
2523	0.121325
2524	0.121325
2525	0.121325
2526	0.121325
2527	0.121325
2528	0.121325
2529	0.121325
2530	0.121325
2531	0.121325
2532	0.121325
2533	0.121325
2534	0.121325
2535	0.121325
2536	0.121325
2537	0.121325
2538	0.121325
2539	0.121325
2540	0.121325
2541	0.121325
2542	0.121325
2543	0.121325
2544	0.121325
2545	0.121325
2546	0.121325
2547	0.121325
2548	0.121325
2549	0.121325
2550	0.121325
2551	0.121325
2552	0.121325
2553	0.121325
2554	0.121325
2555	0.121325
2556	0.121325
2557	0.121325
2558	0.121325
2559	0.121325
2560	0.121325
2561	0.121325
2562	0.121325
2563	0.121325
2564	0.121325
2565	0.121325
2566	0.121325
2567	0.121325
2568	0.121325
2569	0.121325
2570	0.121325
2571	0.121325
2572	0.121325
2573	0.121325
2574	0.121325
2575	0.121325
2576	0.121325
2577	0.121325
2578	0.121325
2579	0.121325
2580	0.121325
2581	0.121325
2582	0.121325
2583	0.121325
2584	0.121325
2585	0.121325
2586	0.121325
2587	0.121325
2588	0.121325
2589	0.121325
2590	0.121325
2591	0.121325
2592	0.121325
2593	0.121325
2594	0.121325
2595	0.121325
2596	0.121325
2597	0.121325
2598	0.121325
2599	0.121325
2600	0.121325
